# Spatial-averaged data for fix 6b and group all
# Timestep Number-of-bins
# Bin Coord Ncount v_atemp
1000000 161
  1 8.45849 664.214 301.594
  2 28.4585 655.705 301.986
  3 48.4585 649.065 302.539
  4 68.4585 648.07 302.207
  5 88.4585 650.307 303.282
  6 108.458 660.986 303.869
  7 128.458 668.278 304.105
  8 148.458 661.331 304.076
  9 168.458 652.56 303.684
  10 188.458 648.486 304.481
  11 208.458 648.507 304.873
  12 228.458 652.933 305.06
  13 248.458 664.739 305.268
  14 268.458 668.604 306.106
  15 288.458 656.952 306.049
  16 308.458 650.037 306.48
  17 328.458 648.254 306.208
  18 348.458 649.48 306.902
  19 368.458 656.667 307.419
  20 388.458 667.458 307.922
  21 408.458 665.86 307.448
  22 428.458 653.543 307.886
  23 448.458 648.81 308.49
  24 468.458 648.25 308.306
  25 488.458 650.54 308.869
  26 508.458 660.077 309.274
  27 528.458 667.605 310.159
  28 548.458 663.689 310.491
  29 568.458 651.399 310.697
  30 588.458 648.463 310.654
  31 608.458 648.707 311.33
  32 628.458 653.221 312.004
  33 648.458 662.958 312.193
  34 668.458 667.144 312.729
  35 688.458 659.395 314.225
  36 708.458 650.307 315.3
  37 728.458 648.412 315.814
  38 748.458 649.616 317.339
  39 768.458 656.81 319.559
  40 788.458 663.958 323.69
  41 808.458 665.174 329.026
  42 828.458 656.658 322.032
  43 848.458 649.537 318.953
  44 868.458 648.39 317.784
  45 888.458 651.466 316.199
  46 908.458 659.219 315.159
  47 928.458 664.248 315.008
  48 948.458 663.682 313.855
  49 968.458 653.968 312.752
  50 988.458 649.162 312.162
  51 1008.46 648.662 311.519
  52 1028.46 652.843 311.142
  53 1048.46 662.407 311.081
  54 1068.46 665.544 311.175
  55 1088.46 660.018 310.712
  56 1108.46 651.98 309.764
  57 1128.46 648.694 309.325
  58 1148.46 649.531 308.796
  59 1168.46 655.939 308.105
  60 1188.46 664.424 307.762
  61 1208.46 664.643 307.645
  62 1228.46 657.06 307.741
  63 1248.46 650.157 306.638
  64 1268.46 648.311 307.082
  65 1288.46 650.062 307.384
  66 1308.46 659.126 306.613
  67 1328.46 666.898 306.529
  68 1348.46 662.73 306.672
  69 1368.46 653.572 306.536
  70 1388.46 649.376 305.478
  71 1408.46 648.467 305.137
  72 1428.46 652.3 304.746
  73 1448.46 662.958 303.658
  74 1468.46 667.003 303.49
  75 1488.46 659.607 303.666
  76 1508.46 651.442 302.893
  77 1528.46 648.539 303.107
  78 1548.46 649.365 303.22
  79 1568.46 655.601 302.679
  80 1588.46 665.488 302.192
  81 1608.46 665.4 302.064
  82 1628.46 655.991 300.875
  83 1648.46 649.762 301.551
  84 1668.46 648.423 301.032
  85 1688.46 650.762 300.876
  86 1708.46 658.965 300.55
  87 1728.46 667.47 299.622
  88 1748.46 662.672 300.443
  89 1768.46 652.785 299.663
  90 1788.46 648.967 299.678
  91 1808.46 648.717 299.862
  92 1828.46 652.905 299.501
  93 1848.46 663.261 299.033
  94 1868.46 668.553 297.969
  95 1888.46 657.913 298.231
  96 1908.46 650.255 298.498
  97 1928.46 648.57 298.775
  98 1948.46 649.681 298.985
  99 1968.46 655.711 298.323
  100 1988.46 667.048 298.367
  101 2008.46 665.606 296.969
  102 2028.46 654.099 296.437
  103 2048.46 649.535 296.877
  104 2068.46 648.455 296.977
  105 2088.46 650.846 296.411
  106 2108.46 658.416 295.457
  107 2128.46 669.513 294.533
  108 2148.46 661.836 294.342
  109 2168.46 652.59 294.383
  110 2188.46 648.64 294.758
  111 2208.46 648.834 293.424
  112 2228.46 653.947 292.724
  113 2248.46 663.496 292.448
  114 2268.46 667.05 291.52
  115 2288.46 657.786 290.947
  116 2308.46 650.528 290.261
  117 2328.46 648.598 289.778
  118 2348.46 650.348 289.189
  119 2368.46 657.87 287.714
  120 2388.46 664.786 283.928
  121 2408.46 663.135 278.865
  122 2428.46 655.892 285.199
  123 2448.46 649.674 287.657
  124 2468.46 648.508 289.102
  125 2488.46 652.115 289.735
  126 2508.46 661.094 290.918
  127 2528.46 664.837 291.44
  128 2548.46 660.945 293.21
  129 2568.46 653.498 293.496
  130 2588.46 649.28 294.147
  131 2608.46 650.047 294.012
  132 2628.46 654.82 293.909
  133 2648.46 663.046 294.038
  134 2668.46 663.225 294.713
  135 2688.46 658.832 295.81
  136 2708.46 651.317 295.906
  137 2728.46 648.862 296.181
  138 2748.46 651.463 296.898
  139 2768.46 657.88 296.942
  140 2788.46 664.622 297.622
  141 2808.46 661.75 297.379
  142 2828.46 655.299 297.262
  143 2848.46 650.467 296.97
  144 2868.46 648.813 298.104
  145 2888.46 652.683 297.365
  146 2908.46 660.832 297.832
  147 2928.46 664.648 298.51
  148 2948.46 660.941 299.172
  149 2968.46 652.886 299.203
  150 2988.46 649.277 300.431
  151 3008.46 649.749 300.066
  152 3028.46 655.006 300.705
  153 3048.46 662.915 300.949
  154 3068.46 665.335 300.782
  155 3088.46 658.665 300.798
  156 3108.46 650.303 301.153
  157 3128.46 648.167 301.179
  158 3148.46 650.075 301.326
  159 3168.46 658.154 301.763
  160 3188.46 666.352 301.172
  161 3208.46 322.35 301.163
2000000 161
  1 8.45849 664.148 303.302
  2 28.4585 655.507 303.239
  3 48.4585 649.956 303.28
  4 68.4585 648.275 303.363
  5 88.4585 650.597 303.879
  6 108.458 659.977 303.388
  7 128.458 667.078 303.341
  8 148.458 662.83 303.909
  9 168.458 652.355 304.478
  10 188.458 648.913 304.966
  11 208.458 648.296 304.931
  12 228.458 651.805 304.846
  13 248.458 664.568 305.431
  14 268.458 667.899 305.706
  15 288.458 659.106 305.865
  16 308.458 650.314 306.594
  17 328.458 648.078 306.418
  18 348.458 648.394 307.461
  19 368.458 655.306 307.232
  20 388.458 667.257 307.766
  21 408.458 666.976 307.653
  22 428.458 655.328 308.448
  23 448.458 648.734 308.316
  24 468.458 648.033 308.722
  25 488.458 649.494 309.011
  26 508.458 658.766 309.673
  27 528.458 668.166 310.185
  28 548.458 664.33 310.341
  29 568.458 652.998 310.985
  30 588.458 648.246 311.565
  31 608.458 648.701 312.261
  32 628.458 652.627 312.637
  33 648.458 663.232 313.499
  34 668.458 667.242 314.406
  35 688.458 659.42 315.46
  36 708.458 650.619 315.824
  37 728.458 648.224 316.54
  38 748.458 649.479 317.483
  39 768.458 656.676 319.285
  40 788.458 664.54 323.681
  41 808.458 664.81 328.604
  42 828.458 656.458 322.157
  43 848.458 649.875 319.131
  44 868.458 648.295 317.408
  45 888.458 651.825 316.233
  46 908.458 659.958 315.614
  47 928.458 664.925 313.889
  48 948.458 661.116 313.079
  49 968.458 654.224 312.609
  50 988.458 649.734 311.892
  51 1008.46 649.792 311.165
  52 1028.46 654.7 310.935
  53 1048.46 661.751 310.94
  54 1068.46 663.474 310.694
  55 1088.46 659.185 310.024
  56 1108.46 652.399 309.465
  57 1128.46 649.058 309.163
  58 1148.46 651.429 308.546
  59 1168.46 656.853 308.199
  60 1188.46 662.331 308.313
  61 1208.46 662.954 306.975
  62 1228.46 657.175 307.287
  63 1248.46 650.55 307.772
  64 1268.46 649.356 307.358
  65 1288.46 651.881 307.627
  66 1308.46 659.442 307.572
  67 1328.46 663.159 306.756
  68 1348.46 662.345 306.582
  69 1368.46 654.736 306.418
  70 1388.46 649.303 306.398
  71 1408.46 649.497 305.789
  72 1428.46 654.666 305.447
  73 1448.46 661.989 304.114
  74 1468.46 663.536 304.306
  75 1488.46 660.517 303.816
  76 1508.46 651.531 303.578
  77 1528.46 648.4 302.941
  78 1548.46 649.812 302.478
  79 1568.46 656.861 302.894
  80 1588.46 664.246 302.403
  81 1608.46 664.988 302.283
  82 1628.46 656.311 301.7
  83 1648.46 649.721 302.119
  84 1668.46 648.21 301.594
  85 1688.46 650.529 302.142
  86 1708.46 659.001 301.509
  87 1728.46 667.848 301.568
  88 1748.46 662.685 301.408
  89 1768.46 653.116 300.993
  90 1788.46 648.646 300.577
  91 1808.46 648.233 299.958
  92 1828.46 652.928 299.853
  93 1848.46 664.053 299.162
  94 1868.46 667.91 299.178
  95 1888.46 658.847 299.45
  96 1908.46 649.934 298.755
  97 1928.46 648.116 298.369
  98 1948.46 648.79 298.175
  99 1968.46 655.98 297.585
  100 1988.46 668.242 296.859
  101 2008.46 666.475 296.183
  102 2028.46 653.988 296.239
  103 2048.46 648.508 296.049
  104 2068.46 648.055 296.302
  105 2088.46 650.295 296.532
  106 2108.46 658.351 296.126
  107 2128.46 669.469 296.089
  108 2148.46 664.237 294.822
  109 2168.46 651.241 294.194
  110 2188.46 648.357 293.687
  111 2208.46 648.422 292.795
  112 2228.46 653.249 292.339
  113 2248.46 663.522 290.862
  114 2268.46 667.67 290.82
  115 2288.46 658.821 290.492
  116 2308.46 650.058 289.519
  117 2328.46 648.324 288.453
  118 2348.46 649.797 287.203
  119 2368.46 658.001 285.359
  120 2388.46 665.2 282.738
  121 2408.46 663.652 277.711
  122 2428.46 655.719 283.563
  123 2448.46 649.485 286.557
  124 2468.46 648.405 288.696
  125 2488.46 652.362 288.936
  126 2508.46 660.824 290.215
  127 2528.46 665.257 290.92
  128 2548.46 660.778 291.427
  129 2568.46 653.458 292.594
  130 2588.46 649.086 292.752
  131 2608.46 649.485 293.315
  132 2628.46 655.859 293.811
  133 2648.46 663.786 293.818
  134 2668.46 662.524 294.802
  135 2688.46 657.865 295.526
  136 2708.46 651.526 295.397
  137 2728.46 649.361 296.226
  138 2748.46 651.079 296.15
  139 2768.46 658.875 296.189
  140 2788.46 663.43 296.804
  141 2808.46 661.764 297.245
  142 2828.46 655.783 297.77
  143 2848.46 650.045 297.981
  144 2868.46 649.18 298.159
  145 2888.46 653.115 297.729
  146 2908.46 661.244 298.26
  147 2928.46 663.181 298.346
  148 2948.46 660.605 298.396
  149 2968.46 653.692 299.106
  150 2988.46 649.335 298.96
  151 3008.46 649.492 299.386
  152 3028.46 656.018 300.57
  153 3048.46 663.094 299.816
  154 3068.46 662.923 300.13
  155 3088.46 658.858 300.831
  156 3108.46 651.337 301.024
  157 3128.46 648.719 301.241
  158 3148.46 650.492 302.068
  159 3168.46 658.453 302.33
  160 3188.46 664.848 303.154
  161 3208.46 322.248 303.402
3000000 161
  1 8.45849 666.651 302.554
  2 28.4585 657.3 302.437
  3 48.4585 649.869 303.124
  4 68.4585 648.253 303.12
  5 88.4585 649.998 303.284
  6 108.458 658.447 303.503
  7 128.458 666.479 303.769
  8 148.458 663.751 304.236
  9 168.458 653.964 304.695
  10 188.458 649.202 305.193
  11 208.458 648.33 304.768
  12 228.458 652.949 304.934
  13 248.458 662.871 305.088
  14 268.458 667.263 305.214
  15 288.458 658.561 305.666
  16 308.458 651.533 306.723
  17 328.458 648.559 306.483
  18 348.458 649.063 306.915
  19 368.458 656.212 307.192
  20 388.458 667.05 307.388
  21 408.458 664.62 307.156
  22 428.458 654.796 307.585
  23 448.458 650.069 308.835
  24 468.458 648.361 308.922
  25 488.458 650.605 309.183
  26 508.458 658.954 309.673
  27 528.458 668.175 310.545
  28 548.458 662.02 310.54
  29 568.458 653.124 310.256
  30 588.458 648.94 310.46
  31 608.458 648.829 311.277
  32 628.458 653.87 311.898
  33 648.458 663.546 312.437
  34 668.458 665.716 313.93
  35 688.458 658.437 314.456
  36 708.458 651.304 314.737
  37 728.458 648.458 316.081
  38 748.458 650.815 317.28
  39 768.458 657.249 319.342
  40 788.458 664.577 323.822
  41 808.458 663.18 330.056
  42 828.458 656.072 322.51
  43 848.458 649.91 319.691
  44 868.458 648.47 317.989
  45 888.458 651.99 316.893
  46 908.458 659.858 316.132
  47 928.458 666.391 314.7
  48 948.458 660.805 314.077
  49 968.458 653.434 312.778
  50 988.458 649.106 312.071
  51 1008.46 649.208 312.112
  52 1028.46 654.803 311.499
  53 1048.46 663.423 310.331
  54 1068.46 664.302 310.496
  55 1088.46 658.283 309.381
  56 1108.46 651.64 309.483
  57 1128.46 648.46 309.086
  58 1148.46 650.499 308.722
  59 1168.46 657.211 309.123
  60 1188.46 664.34 308.716
  61 1208.46 664.357 308.06
  62 1228.46 655.667 307.679
  63 1248.46 649.764 307.706
  64 1268.46 648.483 307.047
  65 1288.46 651.815 306.88
  66 1308.46 659.21 306.876
  67 1328.46 666.344 306.055
  68 1348.46 662.475 305.989
  69 1368.46 652.922 305.94
  70 1388.46 648.784 305.641
  71 1408.46 649.064 304.929
  72 1428.46 654.833 304.933
  73 1448.46 661.838 303.363
  74 1468.46 666.226 303.275
  75 1488.46 659.287 302.699
  76 1508.46 650.639 302.572
  77 1528.46 648.212 302.729
  78 1548.46 650.329 302
  79 1568.46 657.873 301.773
  80 1588.46 664.207 301.949
  81 1608.46 665.146 301.599
  82 1628.46 655.377 301.396
  83 1648.46 648.942 301.745
  84 1668.46 648.203 301.62
  85 1688.46 651.707 300.565
  86 1708.46 661.187 300.996
  87 1728.46 665.675 300.524
  88 1748.46 662.391 300.248
  89 1768.46 652.288 300.462
  90 1788.46 648.571 300.014
  91 1808.46 648.507 299.566
  92 1828.46 654.469 298.923
  93 1848.46 664.865 298.56
  94 1868.46 665.413 299.084
  95 1888.46 657.641 298.209
  96 1908.46 650.792 298.137
  97 1928.46 648.341 297.884
  98 1948.46 649.688 297.887
  99 1968.46 657.316 298.112
  100 1988.46 667.414 297.402
  101 2008.46 664.204 297.201
  102 2028.46 654.388 296.864
  103 2048.46 648.937 296.469
  104 2068.46 648.263 295.457
  105 2088.46 651.194 295.613
  106 2108.46 660.076 295.46
  107 2128.46 668.573 294.581
  108 2148.46 661.781 294.001
  109 2168.46 651.539 293.524
  110 2188.46 648.584 293.357
  111 2208.46 648.723 293.054
  112 2228.46 653.909 291.997
  113 2248.46 664.315 291.957
  114 2268.46 666.853 292.156
  115 2288.46 657.676 291.489
  116 2308.46 650.271 290.351
  117 2328.46 648.486 289.739
  118 2348.46 649.995 287.778
  119 2368.46 656.53 286.161
  120 2388.46 667.297 282.798
  121 2408.46 663.419 277.609
  122 2428.46 654.675 284.152
  123 2448.46 649.751 285.845
  124 2468.46 648.81 287.877
  125 2488.46 650.67 288.612
  126 2508.46 659.388 290.13
  127 2528.46 668.709 290.989
  128 2548.46 660.88 291.737
  129 2568.46 652.454 292.158
  130 2588.46 649.231 292.457
  131 2608.46 649.15 293.141
  132 2628.46 653.344 292.953
  133 2648.46 661.526 293.88
  134 2668.46 667.356 294.525
  135 2688.46 658.475 295.877
  136 2708.46 651.399 295.865
  137 2728.46 649.025 296.853
  138 2748.46 650.136 297.478
  139 2768.46 655.782 297.925
  140 2788.46 664.244 298.211
  141 2808.46 665.124 298.261
  142 2828.46 656.11 298.237
  143 2848.46 650.106 298.846
  144 2868.46 648.601 298.973
  145 2888.46 651.067 298.867
  146 2908.46 658.519 299.456
  147 2928.46 666.605 299.131
  148 2948.46 662.202 299.363
  149 2968.46 654.091 300.035
  150 2988.46 649.197 300.584
  151 3008.46 648.775 300.834
  152 3028.46 652.377 300.841
  153 3048.46 662.055 300.906
  154 3068.46 667.231 301.404
  155 3088.46 659.599 301.968
  156 3108.46 651.564 301.962
  157 3128.46 648.423 302.421
  158 3148.46 649.673 302.923
  159 3168.46 655.338 302.66
  160 3188.46 664.774 302.724
  161 3208.46 322.137 302.216
4000000 161
  1 8.45849 667.941 302.161
  2 28.4585 654.737 302.403
  3 48.4585 648.576 302.782
  4 68.4585 648.109 302.695
  5 88.4585 649.552 302.879
  6 108.458 657.094 303.473
  7 128.458 672.055 305.141
  8 148.458 664.003 304.881
  9 168.458 651.021 304.665
  10 188.458 648.175 305.062
  11 208.458 648.142 304.776
  12 228.458 651.016 304.679
  13 248.458 663.495 305.525
  14 268.458 671.414 305.764
  15 288.458 658.578 305.612
  16 308.458 649.304 305.943
  17 328.458 648.06 306.062
  18 348.458 648.74 306.034
  19 368.458 654.869 305.732
  20 388.458 667.253 306.658
  21 408.458 666.75 307.722
  22 428.458 655.33 307.145
  23 448.458 649.023 307.976
  24 468.458 648.202 308.763
  25 488.458 650.209 309.563
  26 508.458 658.155 310.039
  27 528.458 668.187 310.839
  28 548.458 663.516 310.463
  29 568.458 653.066 310.952
  30 588.458 648.729 311.741
  31 608.458 648.83 312.481
  32 628.458 652.565 313.187
  33 648.458 661.82 313.709
  34 668.458 667.539 314.281
  35 688.458 660.496 314.619
  36 708.458 650.563 315.149
  37 728.458 648.33 315.699
  38 748.458 649.821 317.756
  39 768.458 655.312 318.823
  40 788.458 664.802 322.678
  41 808.458 664.395 328.064
  42 828.458 657.804 321.098
  43 848.458 649.661 317.929
  44 868.458 648.192 316.463
  45 888.458 650.788 315.595
  46 908.458 658.773 314.81
  47 928.458 667.306 314.009
  48 948.458 662.706 313.04
  49 968.458 653.373 312.46
  50 988.458 648.837 312.392
  51 1008.46 648.493 311.779
  52 1028.46 653.11 311.458
  53 1048.46 663.801 310.739
  54 1068.46 667.132 309.905
  55 1088.46 658.297 309.254
  56 1108.46 650.808 308.304
  57 1128.46 648.46 307.319
  58 1148.46 649.585 308.044
  59 1168.46 657.07 309.049
  60 1188.46 665.582 307.636
  61 1208.46 664.219 306.961
  62 1228.46 655.703 306.517
  63 1248.46 649.6 306.303
  64 1268.46 648.299 305.79
  65 1288.46 651.132 306.792
  66 1308.46 659.624 306.635
  67 1328.46 666.378 305.673
  68 1348.46 662.978 305.164
  69 1368.46 653.131 305.539
  70 1388.46 648.673 305.431
  71 1408.46 648.929 305.068
  72 1428.46 653.942 303.84
  73 1448.46 662.928 304.194
  74 1468.46 666.225 304.037
  75 1488.46 659.272 303.648
  76 1508.46 650.589 303.171
  77 1528.46 648.262 302.307
  78 1548.46 649.637 302.86
  79 1568.46 656.781 303.201
  80 1588.46 666.794 303.536
  81 1608.46 665.874 302.701
  82 1628.46 654.231 302.742
  83 1648.46 648.506 301.858
  84 1668.46 648.081 301.603
  85 1688.46 650.143 300.897
  86 1708.46 660.098 300.962
  87 1728.46 671.264 301.342
  88 1748.46 661.993 301.132
  89 1768.46 650.332 300.63
  90 1788.46 648.095 300.27
  91 1808.46 648.296 300.174
  92 1828.46 651.965 300.168
  93 1848.46 665.585 299.669
  94 1868.46 670.41 299.395
  95 1888.46 656.405 299.211
  96 1908.46 649.274 298.349
  97 1928.46 648.079 298.033
  98 1948.46 648.997 297.88
  99 1968.46 656.218 297.953
  100 1988.46 668.789 297.794
  101 2008.46 665.258 297.636
  102 2028.46 653.817 296.659
  103 2048.46 648.889 297.068
  104 2068.46 648.093 297.235
  105 2088.46 650.772 296.922
  106 2108.46 660.737 296.544
  107 2128.46 667.975 295.864
  108 2148.46 660.95 295.082
  109 2168.46 653.155 294.902
  110 2188.46 648.336 294.236
  111 2208.46 648.561 293.871
  112 2228.46 654.005 293.918
  113 2248.46 663.985 292.953
  114 2268.46 666.833 292.178
  115 2288.46 657.628 290.924
  116 2308.46 650.881 290.669
  117 2328.46 648.33 290.483
  118 2348.46 649.87 288.931
  119 2368.46 656.017 286.409
  120 2388.46 665.383 283.584
  121 2408.46 664.966 278.97
  122 2428.46 655.944 285.138
  123 2448.46 649.569 287.953
  124 2468.46 648.312 289.1
  125 2488.46 650.387 289.988
  126 2508.46 659.355 290.913
  127 2528.46 667.884 291.799
  128 2548.46 662.511 292.296
  129 2568.46 653.229 292.663
  130 2588.46 648.353 292.564
  131 2608.46 648.573 293.613
  132 2628.46 652.634 293.959
  133 2648.46 664.295 294.316
  134 2668.46 667.263 294.633
  135 2688.46 658.854 294.634
  136 2708.46 650.233 295.09
  137 2728.46 648.162 296.259
  138 2748.46 649.009 296.512
  139 2768.46 657.157 296.488
  140 2788.46 666.558 297.11
  141 2808.46 664.656 297.068
  142 2828.46 655.584 297.598
  143 2848.46 648.975 298.227
  144 2868.46 648.129 298.96
  145 2888.46 650.414 298.767
  146 2908.46 660.637 299.06
  147 2928.46 667.157 299.006
  148 2948.46 662.608 299.147
  149 2968.46 652.668 299.184
  150 2988.46 648.499 299.472
  151 3008.46 648.817 299.159
  152 3028.46 652.919 299.522
  153 3048.46 664.132 299.966
  154 3068.46 668.047 300.333
  155 3088.46 657.944 300.362
  156 3108.46 649.963 301.272
  157 3128.46 648.261 301.344
  158 3148.46 649.731 301.464
  159 3168.46 655.654 302.256
  160 3188.46 667.516 302.422
  161 3208.46 321.683 302.637
5000000 161
  1 8.45849 666.103 303.161
  2 28.4585 653.575 303.056
  3 48.4585 649.059 302.956
  4 68.4585 648.127 304.449
  5 88.4585 649.909 304.692
  6 108.458 659.493 304.56
  7 128.458 671.466 304.804
  8 148.458 661.672 305.581
  9 168.458 651.137 305.267
  10 188.458 648.264 305.361
  11 208.458 648.227 305.453
  12 228.458 651.79 305.347
  13 248.458 664.397 305.879
  14 268.458 672.038 306.282
  15 288.458 656.667 307.018
  16 308.458 648.877 307.159
  17 328.458 648.11 307.282
  18 348.458 649.413 307.692
  19 368.458 655.506 307.408
  20 388.458 667.583 308.026
  21 408.458 668.363 307.918
  22 428.458 652.887 308.314
  23 448.458 648.145 308.724
  24 468.458 648.252 309.291
  25 488.458 650.729 309.076
  26 508.458 658.931 309.825
  27 528.458 670.674 310.251
  28 548.458 662.749 310.708
  29 568.458 650.471 311.207
  30 588.458 648.193 311.843
  31 608.458 648.388 312.093
  32 628.458 653.195 312.577
  33 648.458 665.88 312.728
  34 668.458 669.201 313.838
  35 688.458 655.862 315.014
  36 708.458 649.394 315.921
  37 728.458 648.084 317.377
  38 748.458 648.707 318.659
  39 768.458 657.19 319.59
  40 788.458 670.104 324.18
  41 808.458 664.156 329.211
  42 828.458 652.986 321.644
  43 848.458 648.801 318.418
  44 868.458 648.087 316.139
  45 888.458 649.664 315.376
  46 908.458 661.704 314.221
  47 928.458 669.786 313.656
  48 948.458 660.861 313.125
  49 968.458 651.707 312.238
  50 988.458 648.282 312.18
  51 1008.46 648.207 311.444
  52 1028.46 651.087 310.413
  53 1048.46 666.22 310.11
  54 1068.46 668.298 310.512
  55 1088.46 658.203 309.398
  56 1108.46 649.907 309.181
  57 1128.46 648.118 309.224
  58 1148.46 649.07 308.856
  59 1168.46 654.844 308.488
  60 1188.46 668.083 308.81
  61 1208.46 666.758 307.731
  62 1228.46 654.387 307.857
  63 1248.46 648.762 307.806
  64 1268.46 648.207 307.616
  65 1288.46 650.127 306.981
  66 1308.46 657.949 307.33
  67 1328.46 668.87 306.316
  68 1348.46 664.436 305.683
  69 1368.46 652.008 305.322
  70 1388.46 648.411 305.045
  71 1408.46 648.397 304.368
  72 1428.46 652.088 304.972
  73 1448.46 662.25 304.728
  74 1468.46 668.106 303.735
  75 1488.46 660.496 303.303
  76 1508.46 650.47 303.103
  77 1528.46 648.225 303.172
  78 1548.46 648.617 302.93
  79 1568.46 653.876 303.352
  80 1588.46 667.643 303.357
  81 1608.46 667.469 302.596
  82 1628.46 655.166 302.063
  83 1648.46 649.131 301.792
  84 1668.46 648.108 301.261
  85 1688.46 649.017 301.218
  86 1708.46 656.59 301.037
  87 1728.46 670.931 300.814
  88 1748.46 664.797 299.99
  89 1768.46 652.114 299.616
  90 1788.46 648.496 299.564
  91 1808.46 648.043 299.158
  92 1828.46 649.933 298.354
  93 1848.46 663.309 298.903
  94 1868.46 671.349 297.957
  95 1888.46 658.664 297.664
  96 1908.46 650.573 297.711
  97 1928.46 648.185 296.847
  98 1948.46 648.668 296.391
  99 1968.46 653.238 296.094
  100 1988.46 668.198 296.832
  101 2008.46 667.612 295.553
  102 2028.46 654.703 295.337
  103 2048.46 649.455 295.127
  104 2068.46 648.193 295.173
  105 2088.46 649.858 295.034
  106 2108.46 656.474 295.125
  107 2128.46 670.105 294.774
  108 2148.46 664.55 295.206
  109 2168.46 652.476 294.484
  110 2188.46 648.434 293.902
  111 2208.46 648.573 293.3
  112 2228.46 652.351 292.664
  113 2248.46 662.228 292.503
  114 2268.46 668.539 291.711
  115 2288.46 660.731 291.193
  116 2308.46 649.557 289.829
  117 2328.46 648.098 289.78
  118 2348.46 649.452 288.304
  119 2368.46 655.062 286.341
  120 2388.46 665.689 282.274
  121 2408.46 667.491 277.575
  122 2428.46 655.536 284.183
  123 2448.46 648.691 286.602
  124 2468.46 648.131 288.233
  125 2488.46 650.171 289.543
  126 2508.46 658.231 290.064
  127 2528.46 670.165 291.043
  128 2548.46 663.649 291.506
  129 2568.46 651.337 292.067
  130 2588.46 648.414 293.249
  131 2608.46 648.447 294.371
  132 2628.46 652.455 294.262
  133 2648.46 665.118 294.15
  134 2668.46 669.488 295.025
  135 2688.46 656.731 295.713
  136 2708.46 649.623 296.161
  137 2728.46 648.065 296.471
  138 2748.46 648.942 296.818
  139 2768.46 656.731 297.48
  140 2788.46 668.801 298.575
  141 2808.46 665.015 298.031
  142 2828.46 653.339 298.049
  143 2848.46 649.103 298.559
  144 2868.46 648.077 299.057
  145 2888.46 650.156 298.932
  146 2908.46 659.935 298.476
  147 2928.46 669.955 298.45
  148 2948.46 661.489 298.908
  149 2968.46 651.479 299.495
  150 2988.46 648.931 298.897
  151 3008.46 648.55 299.555
  152 3028.46 652.67 300.095
  153 3048.46 665.366 300.836
  154 3068.46 668.24 300.875
  155 3088.46 656.651 300.812
  156 3108.46 650.247 300.625
  157 3128.46 648.361 300.637
  158 3148.46 649.171 300.627
  159 3168.46 656.901 301.821
  160 3188.46 669.535 302.53
  161 3208.46 321.53 303.703
6000000 161
  1 8.45849 664.562 302.206
  2 28.4585 655.271 302.586
  3 48.4585 648.941 302.681
  4 68.4585 648.095 303.755
  5 88.4585 650.257 303.626
  6 108.458 659.375 304.13
  7 128.458 669.444 305.231
  8 148.458 661.939 305.265
  9 168.458 652.631 306.033
  10 188.458 648.265 305.087
  11 208.458 648.213 305.388
  12 228.458 651.989 306.341
  13 248.458 663.785 306.036
  14 268.458 670.513 306.624
  15 288.458 657.714 305.392
  16 308.458 649.72 305.767
  17 328.458 648.125 306.141
  18 348.458 648.903 306.912
  19 368.458 654.714 307.316
  20 388.458 668.391 307.172
  21 408.458 667.157 307.87
  22 428.458 654.08 308.697
  23 448.458 648.675 309.333
  24 468.458 648.083 309.28
  25 488.458 650.085 309.615
  26 508.458 658.782 309.924
  27 528.458 669.76 310.118
  28 548.458 663.268 309.76
  29 568.458 651.689 310.97
  30 588.458 648.404 310.776
  31 608.458 648.481 312.385
  32 628.458 651.486 313.026
  33 648.458 663.637 312.807
  34 668.458 670.302 313.338
  35 688.458 658.409 314.136
  36 708.458 649.415 314.612
  37 728.458 648.401 316.094
  38 748.458 648.756 316.903
  39 768.458 653.711 319.16
  40 788.458 667.482 322.865
  41 808.458 668.116 327.58
  42 828.458 654.846 320.826
  43 848.458 648.848 317.935
  44 868.458 648.276 315.682
  45 888.458 649.377 314.973
  46 908.458 657.67 313.519
  47 928.458 670.785 312.784
  48 948.458 664.225 312.785
  49 968.458 651.559 312.389
  50 988.458 648.201 312.071
  51 1008.46 648.666 311.858
  52 1028.46 652.156 310.829
  53 1048.46 662.646 310.876
  54 1068.46 670.005 309.958
  55 1088.46 659.119 309.664
  56 1108.46 649.346 309.659
  57 1128.46 648.045 308.879
  58 1148.46 648.835 307.614
  59 1168.46 655.271 307.844
  60 1188.46 666.166 307.626
  61 1208.46 668.429 307.488
  62 1228.46 654.554 307.267
  63 1248.46 648.714 307.705
  64 1268.46 648.049 307.406
  65 1288.46 649.933 305.89
  66 1308.46 657.966 305.88
  67 1328.46 668.565 305.692
  68 1348.46 664.215 305.518
  69 1368.46 652.786 305.245
  70 1388.46 648.518 304.151
  71 1408.46 648.784 303.864
  72 1428.46 652.134 304.158
  73 1448.46 662.074 304.227
  74 1468.46 669.82 304.232
  75 1488.46 659.022 304.515
  76 1508.46 650.082 303.299
  77 1528.46 648.1 302.834
  78 1548.46 649.453 302.961
  79 1568.46 655.17 303.004
  80 1588.46 667.761 302.87
  81 1608.46 666.949 302.09
  82 1628.46 653.732 302.504
  83 1648.46 648.868 302.283
  84 1668.46 648.17 301.886
  85 1688.46 650.302 301.631
  86 1708.46 658.247 300.482
  87 1728.46 670.767 300.577
  88 1748.46 662.966 300.129
  89 1768.46 651.09 300.203
  90 1788.46 648.436 299.702
  91 1808.46 648.395 299.95
  92 1828.46 651.588 299.606
  93 1848.46 664.189 299.873
  94 1868.46 670 299.179
  95 1888.46 658.03 298.09
  96 1908.46 649.421 298.298
  97 1928.46 648.388 298.162
  98 1948.46 648.929 298.047
  99 1968.46 655.248 298.109
  100 1988.46 667.506 297.208
  101 2008.46 666.738 297.091
  102 2028.46 654.797 296.521
  103 2048.46 648.82 296.259
  104 2068.46 648.04 295.677
  105 2088.46 649.758 295.264
  106 2108.46 659.441 295.584
  107 2128.46 669.565 294.821
  108 2148.46 663.566 294.792
  109 2168.46 651.452 294.044
  110 2188.46 648.184 293.904
  111 2208.46 648.134 293.68
  112 2228.46 652.1 292.733
  113 2248.46 665.39 291.924
  114 2268.46 669.714 291.934
  115 2288.46 657.936 291.841
  116 2308.46 648.722 290.697
  117 2328.46 648.006 290.015
  118 2348.46 648.489 288.407
  119 2368.46 654.487 287.09
  120 2388.46 669.771 283.34
  121 2408.46 667.019 278.814
  122 2428.46 653.644 284.965
  123 2448.46 648.581 286.566
  124 2468.46 648.015 288.946
  125 2488.46 649.208 290.7
  126 2508.46 659.737 291.154
  127 2528.46 671.77 291.522
  128 2548.46 661.028 292.065
  129 2568.46 651.783 292.514
  130 2588.46 648.535 293.193
  131 2608.46 648.388 293.484
  132 2628.46 652.118 294.339
  133 2648.46 666.949 294.983
  134 2668.46 668.204 296.1
  135 2688.46 656.57 296.379
  136 2708.46 649.557 295.793
  137 2728.46 648.155 296.889
  138 2748.46 648.79 296.752
  139 2768.46 656.125 296.916
  140 2788.46 669.873 297.349
  141 2808.46 664.386 297.487
  142 2828.46 653.863 297.763
  143 2848.46 648.923 298.701
  144 2868.46 648.192 298.621
  145 2888.46 650.282 299.312
  146 2908.46 660.163 300.034
  147 2928.46 668.006 300.021
  148 2948.46 662.577 300.303
  149 2968.46 652.36 299.995
  150 2988.46 648.478 299.584
  151 3008.46 648.838 299.74
  152 3028.46 653.789 300.355
  153 3048.46 663.609 299.516
  154 3068.46 666.735 299.975
  155 3088.46 658.4 300.921
  156 3108.46 650.54 300.997
  157 3128.46 648.107 301.329
  158 3148.46 649.742 301.427
  159 3168.46 657.803 301.34
  160 3188.46 667.992 301.443
  161 3208.46 321.637 301.531
7000000 161
  1 8.45849 665.92 302.982
  2 28.4585 656.099 303.397
  3 48.4585 649.332 303.133
  4 68.4585 648.107 304.03
  5 88.4585 648.884 304.418
  6 108.458 658.528 304.382
  7 128.458 668.555 304.263
  8 148.458 663.633 304.963
  9 168.458 653.792 305.123
  10 188.458 648.595 304.066
  11 208.458 648.125 305.064
  12 228.458 651.29 305.488
  13 248.458 662.201 305.827
  14 268.458 668.248 306.588
  15 288.458 661.281 307.555
  16 308.458 650.554 306.92
  17 328.458 648.33 307.473
  18 348.458 648.69 307.592
  19 368.458 654.737 309.031
  20 388.458 664.851 308.396
  21 408.458 667.811 308.138
  22 428.458 656.638 307.765
  23 448.458 649.205 308.175
  24 468.458 648.114 308.65
  25 488.458 649.684 309.52
  26 508.458 658.26 309.637
  27 528.458 667.216 310.376
  28 548.458 664.994 310.453
  29 568.458 653.243 311.052
  30 588.458 648.528 311.458
  31 608.458 648.29 312.489
  32 628.458 651.838 312.807
  33 648.458 663.345 313.081
  34 668.458 669.836 313.644
  35 688.458 659.205 314.255
  36 708.458 649.468 315.282
  37 728.458 648.039 315.803
  38 748.458 648.595 317.736
  39 768.458 654.745 320.706
  40 788.458 667.732 324.058
  41 808.458 666.915 328.079
  42 828.458 655.197 320.812
  43 848.458 648.781 317.944
  44 868.458 648.135 317.425
  45 888.458 649.673 316.716
  46 908.458 658.191 315.104
  47 928.458 670.125 314.069
  48 948.458 663.721 313.665
  49 968.458 651.719 313.756
  50 988.458 648.398 312.939
  51 1008.46 648.518 312.194
  52 1028.46 652.308 311.542
  53 1048.46 664.485 311.02
  54 1068.46 670.067 310.831
  55 1088.46 657.201 310.044
  56 1108.46 649.419 309.762
  57 1128.46 648.065 308.758
  58 1148.46 648.98 309.377
  59 1168.46 656.142 309.397
  60 1188.46 668.462 308.389
  61 1208.46 666.27 308.171
  62 1228.46 653.418 307.409
  63 1248.46 648.712 307.779
  64 1268.46 648.067 306.769
  65 1288.46 649.789 305.59
  66 1308.46 659.821 305.322
  67 1328.46 670.4 305.985
  68 1348.46 661.701 305.183
  69 1368.46 651.857 304.507
  70 1388.46 648.381 304.647
  71 1408.46 648.466 304.866
  72 1428.46 652.877 304.835
  73 1448.46 666.291 304.721
  74 1468.46 667.323 304.621
  75 1488.46 656.808 304.552
  76 1508.46 650.086 303.992
  77 1528.46 648.201 303.854
  78 1548.46 649.503 303.325
  79 1568.46 657.152 303.054
  80 1588.46 669.399 302.916
  81 1608.46 664.148 302.858
  82 1628.46 653.067 302.42
  83 1648.46 648.659 301.33
  84 1668.46 648.254 301.52
  85 1688.46 650.699 301.146
  86 1708.46 661.243 300.993
  87 1728.46 668.977 300.118
  88 1748.46 661.448 299.375
  89 1768.46 651.187 300.103
  90 1788.46 648.232 300.679
  91 1808.46 648.96 299.809
  92 1828.46 653.751 298.778
  93 1848.46 664.495 298.732
  94 1868.46 667.583 299.131
  95 1888.46 657.59 298.508
  96 1908.46 649.513 298.227
  97 1928.46 648.161 297.392
  98 1948.46 650.012 297.232
  99 1968.46 656.895 297.379
  100 1988.46 667.819 296.756
  101 2008.46 665.625 295.588
  102 2028.46 653.013 296.119
  103 2048.46 648.553 295.046
  104 2068.46 648.205 294.849
  105 2088.46 650.738 294.787
  106 2108.46 660.555 294.376
  107 2128.46 669.513 294.181
  108 2148.46 662.514 294.07
  109 2168.46 650.355 293.805
  110 2188.46 648.129 293.997
  111 2208.46 648.32 292.758
  112 2228.46 652.279 292.249
  113 2248.46 664.566 291.022
  114 2268.46 671.811 290.433
  115 2288.46 656.574 290.226
  116 2308.46 648.447 289.451
  117 2328.46 648.008 289.097
  118 2348.46 648.66 288.645
  119 2368.46 655.095 287.28
  120 2388.46 669.172 283.412
  121 2408.46 667.377 278.031
  122 2428.46 653.496 284.399
  123 2448.46 648.194 286.508
  124 2468.46 648.015 288.522
  125 2488.46 649.44 289.516
  126 2508.46 659.251 290.832
  127 2528.46 670.878 290.759
  128 2548.46 662.691 291.231
  129 2568.46 651.558 292.125
  130 2588.46 648.185 293.185
  131 2608.46 648.392 293.452
  132 2628.46 651.146 294.022
  133 2648.46 664.343 294.459
  134 2668.46 670.284 294.654
  135 2688.46 658.098 296.134
  136 2708.46 649.668 296.29
  137 2728.46 648.108 296.41
  138 2748.46 648.928 296.24
  139 2768.46 654.762 296.776
  140 2788.46 668.001 297.024
  141 2808.46 666.923 296.909
  142 2828.46 654.738 297.278
  143 2848.46 648.584 297.795
  144 2868.46 648.165 297.599
  145 2888.46 649.959 297.693
  146 2908.46 657.416 298.543
  147 2928.46 668.954 299.083
  148 2948.46 664.046 299.506
  149 2968.46 652.869 300.15
  150 2988.46 648.562 300.384
  151 3008.46 648.268 300.413
  152 3028.46 652.443 301.187
  153 3048.46 663.019 300.753
  154 3068.46 668.23 301.303
  155 3088.46 659.366 301.242
  156 3108.46 650.453 301.091
  157 3128.46 648.255 300.995
  158 3148.46 648.676 301.019
  159 3168.46 656.377 301.309
  160 3188.46 667.626 301.94
  161 3208.46 321.87 302.853
8000000 161
  1 8.45849 666.809 302.675
  2 28.4585 654.301 303.112
  3 48.4585 648.547 303.233
  4 68.4585 648.096 304.405
  5 88.4585 649.818 304.431
  6 108.458 659.018 304.232
  7 128.458 669.921 304.167
  8 148.458 663.38 304.555
  9 168.458 651.616 305.344
  10 188.458 648.154 305.119
  11 208.458 648.176 305.566
  12 228.458 652.199 305.294
  13 248.458 663.202 305.14
  14 268.458 668.476 305.619
  15 288.458 659.813 306.08
  16 308.458 650.099 306.167
  17 328.458 648.035 306.674
  18 348.458 648.471 306.723
  19 368.458 655.415 307.352
  20 388.458 665.896 307.695
  21 408.458 667.159 307.921
  22 428.458 656.241 308.343
  23 448.458 648.807 309.077
  24 468.458 648.043 309.173
  25 488.458 649.448 310.229
  26 508.458 658.198 311.062
  27 528.458 668.602 311.242
  28 548.458 665.249 310.92
  29 568.458 652.143 311.978
  30 588.458 648.321 312.239
  31 608.458 648.104 312.965
  32 628.458 650.766 312.878
  33 648.458 663.398 313.965
  34 668.458 671.837 315.18
  35 688.458 658.746 316.011
  36 708.458 649.149 316.17
  37 728.458 648.013 318.03
  38 748.458 648.312 318.252
  39 768.458 653.294 320.303
  40 788.458 666.611 324.663
  41 808.458 669.468 329.621
  42 828.458 655.637 321.964
  43 848.458 648.665 319.123
  44 868.458 648.029 317.426
  45 888.458 648.906 316.941
  46 908.458 657.257 315.332
  47 928.458 670.045 314.569
  48 948.458 665.164 313.39
  49 968.458 652.292 312.824
  50 988.458 648.309 312.135
  51 1008.46 648.093 311.135
  52 1028.46 650.668 311.161
  53 1048.46 664.799 310.782
  54 1068.46 670.27 310.442
  55 1088.46 658.745 310.243
  56 1108.46 649.395 309.849
  57 1128.46 648.052 310.121
  58 1148.46 648.589 309.401
  59 1168.46 654.348 309.429
  60 1188.46 667.914 308.098
  61 1208.46 667.944 307.384
  62 1228.46 654.754 307.348
  63 1248.46 648.434 306.61
  64 1268.46 648.067 306.768
  65 1288.46 649.147 306.33
  66 1308.46 657.181 306.639
  67 1328.46 669.863 305.761
  68 1348.46 665.834 305.893
  69 1368.46 651.823 305.164
  70 1388.46 648.128 304.939
  71 1408.46 648.738 305.027
  72 1428.46 651.84 304.587
  73 1448.46 662.945 304.361
  74 1468.46 668.727 304.142
  75 1488.46 659.689 303.803
  76 1508.46 649.979 303.59
  77 1528.46 648.186 303.728
  78 1548.46 649.369 303.458
  79 1568.46 655.242 303.673
  80 1588.46 668.713 302.982
  81 1608.46 665.807 302.001
  82 1628.46 653.882 301.619
  83 1648.46 648.797 301.197
  84 1668.46 648.26 301.158
  85 1688.46 650.173 301.247
  86 1708.46 658.353 300.146
  87 1728.46 670.23 300.777
  88 1748.46 663.341 300.346
  89 1768.46 651.383 300.18
  90 1788.46 648.299 299.291
  91 1808.46 648.317 299.098
  92 1828.46 651.719 298.79
  93 1848.46 663.775 298.291
  94 1868.46 671.201 298.609
  95 1888.46 657.809 297.739
  96 1908.46 649.156 297.443
  97 1928.46 648.08 297.862
  98 1948.46 649.331 296.501
  99 1968.46 655.834 297.133
  100 1988.46 667.868 297.029
  101 2008.46 666.248 296.665
  102 2028.46 654.034 295.739
  103 2048.46 648.623 294.908
  104 2068.46 648.075 294.889
  105 2088.46 650.045 294.017
  106 2108.46 660.183 293.915
  107 2128.46 670.432 293.568
  108 2148.46 661.498 293.679
  109 2168.46 651.448 293.049
  110 2188.46 648.314 292.601
  111 2208.46 648.216 292.681
  112 2228.46 652.174 292.294
  113 2248.46 666.387 291.875
  114 2268.46 668.674 291.168
  115 2288.46 657.04 290.012
  116 2308.46 649.474 289.015
  117 2328.46 648.053 288.704
  118 2348.46 648.448 287.306
  119 2368.46 655.642 285.758
  120 2388.46 670.106 282.358
  121 2408.46 665.493 278.003
  122 2428.46 653.514 284.262
  123 2448.46 648.78 286.659
  124 2468.46 648.029 288.42
  125 2488.46 649.595 288.806
  126 2508.46 660.128 290.179
  127 2528.46 672.081 290.789
  128 2548.46 661.631 291.951
  129 2568.46 650.232 292.361
  130 2588.46 648.313 293.56
  131 2608.46 648.365 293.257
  132 2628.46 653.078 293.919
  133 2648.46 665.404 294.593
  134 2668.46 670.721 295.051
  135 2688.46 655.884 295.867
  136 2708.46 648.55 295.918
  137 2728.46 648.017 296.4
  138 2748.46 649.203 297.014
  139 2768.46 656.724 296.619
  140 2788.46 668.766 297.161
  141 2808.46 665.593 297.739
  142 2828.46 653.268 297.302
  143 2848.46 648.431 297.893
  144 2868.46 648.063 297.935
  145 2888.46 649.914 298.672
  146 2908.46 660.419 299.338
  147 2928.46 670.269 299.088
  148 2948.46 661.687 299.47
  149 2968.46 651.389 300.038
  150 2988.46 648.262 300.015
  151 3008.46 648.43 300.061
  152 3028.46 653.708 300.653
  153 3048.46 664.751 300.845
  154 3068.46 667.785 300.855
  155 3088.46 657.364 301.51
  156 3108.46 649.821 301.256
  157 3128.46 648.182 300.645
  158 3148.46 649.091 301.265
  159 3168.46 657.213 301.716
  160 3188.46 668.278 302.427
  161 3208.46 321.716 302.586
9000000 161
  1 8.45849 666.019 301.463
  2 28.4585 655.222 302.249
  3 48.4585 648.976 302.883
  4 68.4585 648.213 303.064
  5 88.4585 650.79 303.969
  6 108.458 659.758 303.902
  7 128.458 667.043 303.48
  8 148.458 662.657 304.412
  9 168.458 653.145 305.344
  10 188.458 648.552 305.464
  11 208.458 648.972 305.851
  12 228.458 652.959 306.133
  13 248.458 663.236 306.052
  14 268.458 666.643 306.059
  15 288.458 658.916 306.905
  16 308.458 650.895 306.787
  17 328.458 648.332 306.785
  18 348.458 649.638 307.286
  19 368.458 657.143 307.16
  20 388.458 666.747 307.669
  21 408.458 664.645 307.689
  22 428.458 654.281 307.983
  23 448.458 649.377 308.355
  24 468.458 648.272 308.737
  25 488.458 650.92 308.239
  26 508.458 660.458 308.567
  27 528.458 669.077 308.941
  28 548.458 660.929 309.389
  29 568.458 652 309.703
  30 588.458 648.45 311.029
  31 608.458 648.396 312.826
  32 628.458 652.705 312.866
  33 648.458 664.594 313.152
  34 668.458 668.737 314.108
  35 688.458 657.871 314.568
  36 708.458 649.629 315.357
  37 728.458 648.09 316.889
  38 748.458 649.147 317.446
  39 768.458 655.945 319.108
  40 788.458 666.517 323.537
  41 808.458 666.093 328.104
  42 828.458 655.379 320.894
  43 848.458 648.877 317.97
  44 868.458 648.128 316.619
  45 888.458 650.675 315.769
  46 908.458 659.661 315.571
  47 928.458 668.141 315.859
  48 948.458 663.073 314.722
  49 968.458 652.155 313.458
  50 988.458 648.199 312.51
  51 1008.46 648.631 312.668
  52 1028.46 652.243 312.365
  53 1048.46 663.651 312.144
  54 1068.46 670.154 311.4
  55 1088.46 657.59 310.759
  56 1108.46 649.637 309.34
  57 1128.46 648.196 309.086
  58 1148.46 649.079 309.175
  59 1168.46 654.989 308.177
  60 1188.46 666.473 308.141
  61 1208.46 668.315 307.352
  62 1228.46 654.345 307.427
  63 1248.46 648.675 307.118
  64 1268.46 648.191 307.211
  65 1288.46 649.434 306.644
  66 1308.46 657.728 305.672
  67 1328.46 669.633 305.328
  68 1348.46 664.458 306.065
  69 1368.46 652.403 305.409
  70 1388.46 648.168 305.245
  71 1408.46 648.346 305.515
  72 1428.46 651.293 304.501
  73 1448.46 663.957 303.707
  74 1468.46 669.29 303.095
  75 1488.46 659.012 302.628
  76 1508.46 649.96 303.25
  77 1528.46 648.139 303.387
  78 1548.46 648.653 302.768
  79 1568.46 655.335 302.259
  80 1588.46 668.424 302.213
  81 1608.46 666.97 302.087
  82 1628.46 653.894 302.713
  83 1648.46 648.714 301.941
  84 1668.46 648.058 301.897
  85 1688.46 649.533 301.216
  86 1708.46 658.458 300.863
  87 1728.46 671.021 300.111
  88 1748.46 662.981 300.673
  89 1768.46 651.687 300.423
  90 1788.46 648.269 300.484
  91 1808.46 648.3 300.329
  92 1828.46 651.069 299.358
  93 1848.46 661.908 299.426
  94 1868.46 671.948 299.39
  95 1888.46 658.918 299.082
  96 1908.46 649.807 299.168
  97 1928.46 648.082 298.639
  98 1948.46 649.042 298.311
  99 1968.46 654.467 298.021
  100 1988.46 666.914 296.992
  101 2008.46 668.203 297.163
  102 2028.46 654.967 296.419
  103 2048.46 648.378 295.946
  104 2068.46 648.167 296.665
  105 2088.46 650.424 296.099
  106 2108.46 658.749 295.757
  107 2128.46 668.993 295.899
  108 2148.46 663.495 295.142
  109 2168.46 651.984 295.043
  110 2188.46 648.26 294.003
  111 2208.46 648.63 293.339
  112 2228.46 652.435 293.835
  113 2248.46 663.716 292.456
  114 2268.46 669.072 292.538
  115 2288.46 657.891 290.988
  116 2308.46 650.113 290.651
  117 2328.46 648.344 289.273
  118 2348.46 649.377 288.162
  119 2368.46 655.05 286.159
  120 2388.46 666.706 283.051
  121 2408.46 665.782 278.395
  122 2428.46 655.174 284.792
  123 2448.46 649.626 287.099
  124 2468.46 648.326 288.718
  125 2488.46 650.108 290.613
  126 2508.46 659.35 290.538
  127 2528.46 669.665 291.413
  128 2548.46 661.192 292.082
  129 2568.46 652.653 292.835
  130 2588.46 648.719 293.853
  131 2608.46 648.308 294.164
  132 2628.46 652.599 294.03
  133 2648.46 665.577 294.113
  134 2668.46 667.852 294.596
  135 2688.46 657.111 294.641
  136 2708.46 650.338 294.678
  137 2728.46 648.212 295.488
  138 2748.46 648.568 295.293
  139 2768.46 655.739 296.028
  140 2788.46 669.379 296.625
  141 2808.46 664.991 297.329
  142 2828.46 654.413 298.02
  143 2848.46 648.9 297.775
  144 2868.46 648.043 297.874
  145 2888.46 649.641 297.891
  146 2908.46 658.656 297.886
  147 2928.46 670.359 298.28
  148 2948.46 662.338 298.674
  149 2968.46 652.207 298.537
  150 2988.46 648.728 299.201
  151 3008.46 648.543 299.567
  152 3028.46 653.224 299.458
  153 3048.46 664.827 299.51
  154 3068.46 667.294 300.514
  155 3088.46 657.236 300.494
  156 3108.46 650.561 300.762
  157 3128.46 648.466 301.09
  158 3148.46 649.859 301.852
  159 3168.46 657.834 302.027
  160 3188.46 665.861 301.844
  161 3208.46 322.075 301.471
10000000 161
  1 8.45849 665.943 301.747
  2 28.4585 655.079 301.638
  3 48.4585 648.858 302.154
  4 68.4585 648.363 303.116
  5 88.4585 650.604 303.353
  6 108.458 657.998 303.228
  7 128.458 669.353 303.161
  8 148.458 663.202 303.616
  9 168.458 652.25 304.449
  10 188.458 648.267 305.122
  11 208.458 648.675 305.126
  12 228.458 652.117 305.121
  13 248.458 663.338 305.227
  14 268.458 669.571 305.411
  15 288.458 658.486 305.998
  16 308.458 649.689 306.127
  17 328.458 648.117 306.272
  18 348.458 649.202 305.702
  19 368.458 656.139 306.225
  20 388.458 668.008 306.901
  21 408.458 666.102 307.212
  22 428.458 653.64 307.979
  23 448.458 648.845 308.434
  24 468.458 648.175 308.972
  25 488.458 650.605 309.379
  26 508.458 660.835 309.648
  27 528.458 668.587 310.993
  28 548.458 661.651 311.719
  29 568.458 651.83 311.444
  30 588.458 648.362 312.331
  31 608.458 648.478 312.695
  32 628.458 652.971 313.562
  33 648.458 665.404 313.77
  34 668.458 668.928 314.166
  35 688.458 656.481 314.698
  36 708.458 649.61 315.678
  37 728.458 648.236 316.959
  38 748.458 649.253 318.189
  39 768.458 656.307 319.572
  40 788.458 668.29 323.387
  41 808.458 665.282 329.175
  42 828.458 653.993 321.188
  43 848.458 648.755 318.313
  44 868.458 648.096 317.163
  45 888.458 650.299 316.238
  46 908.458 660.325 315.704
  47 928.458 669.806 315.117
  48 948.458 662.5 313.817
  49 968.458 650.804 313.621
  50 988.458 648.177 312.758
  51 1008.46 648.214 312.349
  52 1028.46 652.833 311.865
  53 1048.46 667.049 311.466
  54 1068.46 668.249 310.758
  55 1088.46 656.444 310.429
  56 1108.46 649.139 310.293
  57 1128.46 648.093 310.104
  58 1148.46 649.139 309.932
  59 1168.46 656.719 308.759
  60 1188.46 668.714 308.122
  61 1208.46 665.155 308.257
  62 1228.46 653.869 308.28
  63 1248.46 648.381 307.374
  64 1268.46 648.034 307.171
  65 1288.46 649.893 306.62
  66 1308.46 660.401 306.881
  67 1328.46 670.24 306.923
  68 1348.46 662.45 306.824
  69 1368.46 650.774 306.374
  70 1388.46 648.213 306.041
  71 1408.46 648.343 305.794
  72 1428.46 653.18 305.22
  73 1448.46 664.572 305.744
  74 1468.46 668.556 304.244
  75 1488.46 657.702 304.374
  76 1508.46 649.596 304.073
  77 1528.46 648.053 304.146
  78 1548.46 649.198 304.423
  79 1568.46 657.143 303.776
  80 1588.46 666.93 303.91
  81 1608.46 665.589 302.854
  82 1628.46 654.32 302.455
  83 1648.46 648.798 302.522
  84 1668.46 648.113 302.779
  85 1688.46 650.459 301.987
  86 1708.46 659.597 301.398
  87 1728.46 668.661 301.459
  88 1748.46 663.348 301.027
  89 1768.46 651.516 301.014
  90 1788.46 648.309 300.832
  91 1808.46 648.271 300.003
  92 1828.46 652.494 299.892
  93 1848.46 663.287 298.744
  94 1868.46 669.093 299.503
  95 1888.46 658.942 299.004
  96 1908.46 649.769 298.004
  97 1928.46 648.158 298.135
  98 1948.46 648.665 297.29
  99 1968.46 654.908 297.148
  100 1988.46 666.401 297.254
  101 2008.46 667.475 296.404
  102 2028.46 655.474 296.95
  103 2048.46 649.054 296.89
  104 2068.46 648.051 296.794
  105 2088.46 649.388 295.756
  106 2108.46 658.41 295.224
  107 2128.46 669.011 294.976
  108 2148.46 664.07 294.162
  109 2168.46 652.421 292.594
  110 2188.46 648.627 292.504
  111 2208.46 648.145 293.016
  112 2228.46 651.132 292.683
  113 2248.46 662.651 292.503
  114 2268.46 670.296 291.069
  115 2288.46 659.756 290.726
  116 2308.46 649.989 290.279
  117 2328.46 648.079 289.253
  118 2348.46 648.587 287.807
  119 2368.46 653.332 285.781
  120 2388.46 665.358 282.409
  121 2408.46 669.171 277.24
  122 2428.46 656.512 284.564
  123 2448.46 649.024 286.734
  124 2468.46 648.039 288.316
  125 2488.46 649.743 289.963
  126 2508.46 657.233 289.964
  127 2528.46 668.331 290.542
  128 2548.46 665.206 291.712
  129 2568.46 653.041 292.076
  130 2588.46 648.415 293.128
  131 2608.46 648.264 293.868
  132 2628.46 652.346 294.211
  133 2648.46 662.858 294.731
  134 2668.46 669.148 295.41
  135 2688.46 658.842 294.681
  136 2708.46 650.437 294.577
  137 2728.46 648.129 295.585
  138 2748.46 648.784 296.015
  139 2768.46 654.955 295.815
  140 2788.46 667.044 296.038
  141 2808.46 667.369 296.332
  142 2828.46 654.798 296.869
  143 2848.46 649.004 297.822
  144 2868.46 648.044 297.25
  145 2888.46 648.985 296.951
  146 2908.46 658.347 297.561
  147 2928.46 669.967 298.431
  148 2948.46 663.717 298.888
  149 2968.46 652.667 298.763
  150 2988.46 648.346 299.531
  151 3008.46 648.688 299.654
  152 3028.46 651.91 299.795
  153 3048.46 664.767 299.861
  154 3068.46 667.665 300.79
  155 3088.46 658.412 300.342
  156 3108.46 650.41 300.455
  157 3128.46 648.246 300.78
  158 3148.46 649.7 300.348
  159 3168.46 656.201 300.542
  160 3188.46 668.338 300.37
  161 3208.46 321.733 300.565
11000000 161
  1 8.45849 666.987 303.189
  2 28.4585 654.706 303.263
  3 48.4585 648.615 303.08
  4 68.4585 648.211 304.163
  5 88.4585 650.307 303.851
  6 108.458 658.523 304.08
  7 128.458 668.65 303.93
  8 148.458 664.575 304.514
  9 168.458 651.54 304.833
  10 188.458 648.207 305.589
  11 208.458 648.224 305.329
  12 228.458 651.54 305.273
  13 248.458 661.967 305.859
  14 268.458 671.356 306.256
  15 288.458 659.209 306.483
  16 308.458 649.673 306.166
  17 328.458 648.047 306.603
  18 348.458 648.52 307.161
  19 368.458 654.712 307.331
  20 388.458 667.538 307.612
  21 408.458 667.43 307.929
  22 428.458 655.122 307.908
  23 448.458 648.655 307.72
  24 468.458 648.019 308.177
  25 488.458 649.309 308.017
  26 508.458 658.81 308.925
  27 528.458 669.238 310.04
  28 548.458 663.602 310.793
  29 568.458 652.715 310.12
  30 588.458 648.316 310.237
  31 608.458 648.08 311.056
  32 628.458 651.633 311.834
  33 648.458 664.934 313.868
  34 668.458 667.982 313.717
  35 688.458 658.165 314.277
  36 708.458 650.815 315.767
  37 728.458 648.389 316.985
  38 748.458 648.461 318.337
  39 768.458 655.813 320.055
  40 788.458 666.974 324.146
  41 808.458 665.075 328.58
  42 828.458 655.364 321.674
  43 848.458 649.927 318.735
  44 868.458 648.411 316.629
  45 888.458 649.725 315.514
  46 908.458 659.869 314.428
  47 928.458 668.166 313.666
  48 948.458 662.919 313.212
  49 968.458 652.626 313.062
  50 988.458 648.667 312.891
  51 1008.46 648.295 312.052
  52 1028.46 652.978 311.856
  53 1048.46 664.259 311.634
  54 1068.46 666.88 311.325
  55 1088.46 659.075 310.969
  56 1108.46 650.343 309.597
  57 1128.46 648.176 309.447
  58 1148.46 648.699 309.539
  59 1168.46 655.673 309.285
  60 1188.46 667.211 308.8
  61 1208.46 665.357 308.928
  62 1228.46 656.12 309.511
  63 1248.46 648.929 308.701
  64 1268.46 648.058 307.815
  65 1288.46 649.608 306.983
  66 1308.46 658.49 305.945
  67 1328.46 668.622 306.328
  68 1348.46 663.69 306.259
  69 1368.46 653.193 306.251
  70 1388.46 648.41 306.242
  71 1408.46 648.682 305.286
  72 1428.46 652.227 305.607
  73 1448.46 662.84 304.615
  74 1468.46 668.975 304.584
  75 1488.46 659.282 304.441
  76 1508.46 649.844 303.857
  77 1528.46 648.283 302.553
  78 1548.46 649.317 302.287
  79 1568.46 655.719 302.051
  80 1588.46 666.101 301.499
  81 1608.46 667.261 301.365
  82 1628.46 654.671 301.133
  83 1648.46 648.706 302.179
  84 1668.46 648.532 301.288
  85 1688.46 649.934 301.122
  86 1708.46 657.978 301.407
  87 1728.46 669.313 301.144
  88 1748.46 663.691 300.4
  89 1768.46 652.266 299.935
  90 1788.46 648.345 299.499
  91 1808.46 648.492 299.612
  92 1828.46 651.708 299.147
  93 1848.46 663.186 299.306
  94 1868.46 669.642 299.023
  95 1888.46 658.764 298.541
  96 1908.46 650.108 299.077
  97 1928.46 648.259 298.461
  98 1948.46 649.346 297.408
  99 1968.46 655.953 297.133
  100 1988.46 666.871 297.799
  101 2008.46 666.595 297.08
  102 2028.46 654.251 296.771
  103 2048.46 648.777 296.973
  104 2068.46 648.191 296.096
  105 2088.46 651.035 295.753
  106 2108.46 660.317 295.078
  107 2128.46 667.156 296.013
  108 2148.46 663.146 295.382
  109 2168.46 651.834 295.222
  110 2188.46 648.347 293.837
  111 2208.46 648.533 292.416
  112 2228.46 654.086 293.206
  113 2248.46 663.736 292.365
  114 2268.46 667.071 291.874
  115 2288.46 658.57 290.806
  116 2308.46 649.9 290.529
  117 2328.46 648.167 289.072
  118 2348.46 650.046 287.806
  119 2368.46 656.926 285.887
  120 2388.46 664.823 282.896
  121 2408.46 665.49 277.898
  122 2428.46 655.336 284.42
  123 2448.46 649.241 286.748
  124 2468.46 648.288 288.617
  125 2488.46 651.394 289.668
  126 2508.46 660.417 290.345
  127 2528.46 667.4 291.436
  128 2548.46 662.04 292.238
  129 2568.46 651.783 292.34
  130 2588.46 648.702 292.64
  131 2608.46 648.777 292.188
  132 2628.46 654.303 293.463
  133 2648.46 665.231 293.601
  134 2668.46 667.503 292.986
  135 2688.46 656.661 294.171
  136 2708.46 649.19 294.254
  137 2728.46 648.35 294.66
  138 2748.46 649.19 294.82
  139 2768.46 657.367 296.323
  140 2788.46 667.861 296.752
  141 2808.46 665.136 297.175
  142 2828.46 653.898 296.999
  143 2848.46 648.561 297.332
  144 2868.46 648.046 297.761
  145 2888.46 650.249 298.245
  146 2908.46 660.616 298.833
  147 2928.46 668.714 299.131
  148 2948.46 663.136 299.433
  149 2968.46 651.172 299.306
  150 2988.46 648.208 299.161
  151 3008.46 648.963 299.885
  152 3028.46 653.578 300.122
  153 3048.46 662.788 301.076
  154 3068.46 669.233 300.706
  155 3088.46 657.562 300.665
  156 3108.46 649.719 301.038
  157 3128.46 648.244 300.679
  158 3148.46 649.819 301.72
  159 3168.46 657.074 302.167
  160 3188.46 666.572 302.394
  161 3208.46 322 302.667
12000000 161
  1 8.45849 666.887 303.515
  2 28.4585 655.819 303.094
  3 48.4585 649.007 303.474
  4 68.4585 648.126 304.224
  5 88.4585 650.253 304.284
  6 108.458 657.602 303.949
  7 128.458 667.811 304.703
  8 148.458 664.347 304.252
  9 168.458 653.35 304.799
  10 188.458 648.548 304.77
  11 208.458 648.468 305.255
  12 228.458 652.944 305.815
  13 248.458 660.693 305.589
  14 268.458 668.079 305.793
  15 288.458 660.471 306.101
  16 308.458 651.08 305.818
  17 328.458 648.28 305.81
  18 348.458 649.233 306.358
  19 368.458 655.692 306.886
  20 388.458 663.089 306.944
  21 408.458 666.568 307.526
  22 428.458 657.46 307.85
  23 448.458 649.813 308.063
  24 468.458 648.173 308.484
  25 488.458 650.483 310.066
  26 508.458 658.851 310.762
  27 528.458 665.76 310.419
  28 548.458 663.765 311.326
  29 568.458 654.119 311.022
  30 588.458 648.952 311.476
  31 608.458 648.384 312.414
  32 628.458 651.977 312.83
  33 648.458 661.724 313.655
  34 668.458 667.326 314.025
  35 688.458 660.932 315.43
  36 708.458 651.247 315.517
  37 728.458 648.51 316.878
  38 748.458 649.293 318.99
  39 768.458 653.816 320.738
  40 788.458 664.389 323.925
  41 808.458 666.371 329.016
  42 828.458 657.262 320.746
  43 848.458 650.537 318.217
  44 868.458 648.337 315.967
  45 888.458 650.624 314.218
  46 908.458 658.549 313.561
  47 928.458 665.838 313.464
  48 948.458 663.686 311.876
  49 968.458 653.838 311.325
  50 988.458 649.332 311.243
  51 1008.46 648.403 310.667
  52 1028.46 652.525 310.271
  53 1048.46 662.94 310.598
  54 1068.46 668.142 309.931
  55 1088.46 658.876 308.535
  56 1108.46 650.959 308.417
  57 1128.46 648.221 308.777
  58 1148.46 648.976 307.868
  59 1168.46 654.707 307.664
  60 1188.46 666.475 307.965
  61 1208.46 666.004 307.659
  62 1228.46 656.009 307.749
  63 1248.46 649.718 306.793
  64 1268.46 648.132 306.424
  65 1288.46 649.771 306.318
  66 1308.46 658.456 305.425
  67 1328.46 666.65 304.985
  68 1348.46 664.516 305.126
  69 1368.46 653.707 305.044
  70 1388.46 648.856 305.201
  71 1408.46 648.754 304.283
  72 1428.46 653.649 304.378
  73 1448.46 662.802 303.863
  74 1468.46 666.081 302.996
  75 1488.46 660.068 303.549
  76 1508.46 650.522 303.255
  77 1528.46 648.174 303.129
  78 1548.46 650.28 302.773
  79 1568.46 657.737 302.991
  80 1588.46 665.483 302.941
  81 1608.46 664.083 302.775
  82 1628.46 655.043 302.61
  83 1648.46 649.293 302.28
  84 1668.46 648.272 302.362
  85 1688.46 651.57 302.199
  86 1708.46 660.56 302.24
  87 1728.46 665.926 301.341
  88 1748.46 662.425 299.881
  89 1768.46 652.733 300.113
  90 1788.46 648.564 300.138
  91 1808.46 648.675 300.002
  92 1828.46 654.161 300.066
  93 1848.46 664.528 299.212
  94 1868.46 665.985 298.757
  95 1888.46 657.976 298.88
  96 1908.46 650.392 298.5
  97 1928.46 648.381 298.813
  98 1948.46 649.59 298.706
  99 1968.46 658.743 297.953
  100 1988.46 668.01 298.148
  101 2008.46 662.702 297.799
  102 2028.46 654.03 297.983
  103 2048.46 648.798 296.869
  104 2068.46 648.267 296.154
  105 2088.46 651.696 295.168
  106 2108.46 661.957 295.103
  107 2128.46 667.532 295.095
  108 2148.46 660.79 294.602
  109 2168.46 651.554 294.706
  110 2188.46 648.392 294.529
  111 2208.46 649.077 294.241
  112 2228.46 654.039 293.417
  113 2248.46 664.607 292.461
  114 2268.46 667.154 291.659
  115 2288.46 657.769 291.076
  116 2308.46 649.253 289.798
  117 2328.46 648.75 289.243
  118 2348.46 651.162 288.059
  119 2368.46 655.714 286.845
  120 2388.46 665.63 283.316
  121 2408.46 665.451 277.805
  122 2428.46 654.785 284.441
  123 2448.46 648.869 287.206
  124 2468.46 648.723 288.428
  125 2488.46 652.323 289.319
  126 2508.46 658.996 290.063
  127 2528.46 667.944 291.288
  128 2548.46 661.5 292.479
  129 2568.46 651.923 292.591
  130 2588.46 648.614 293.021
  131 2608.46 649.281 293.61
  132 2628.46 653.724 293.296
  133 2648.46 663.738 294.216
  134 2668.46 667.467 294.836
  135 2688.46 657.251 296.043
  136 2708.46 649.938 295.876
  137 2728.46 648.55 296.433
  138 2748.46 649.98 296.373
  139 2768.46 656.623 296.34
  140 2788.46 666.237 296.836
  141 2808.46 665.568 297.251
  142 2828.46 654.243 298.041
  143 2848.46 648.924 297.166
  144 2868.46 648.318 297.826
  145 2888.46 651.243 298.826
  146 2908.46 659.566 299.069
  147 2928.46 667.476 299.087
  148 2948.46 662.658 299.382
  149 2968.46 652.219 299.562
  150 2988.46 648.541 299.831
  151 3008.46 648.629 299.98
  152 3028.46 653.433 300.955
  153 3048.46 664.355 300.73
  154 3068.46 668.218 300.895
  155 3088.46 657.451 300.866
  156 3108.46 649.813 301.268
  157 3128.46 648.162 301.578
  158 3148.46 649.29 301.206
  159 3168.46 655.932 301.917
  160 3188.46 667.185 303.166
  161 3208.46 321.787 303.356
