# Spatial-averaged data for fix 6b and group all
# Timestep Number-of-bins
# Bin Coord Ncount v_atemp
500000 41
  1 9.41633 676.213 299.836
  2 29.4163 701.996 301.096
  3 49.4163 655.461 302.091
  4 69.4163 694.543 303.004
  5 89.4163 701.956 304.228
  6 109.416 648.33 305.089
  7 129.416 701.714 305.822
  8 149.416 699.879 307.779
  9 169.416 650.123 310.542
  10 189.416 701.998 314.178
  11 209.416 686.552 314.462
  12 229.416 663.448 310.044
  13 249.416 702 307.405
  14 269.416 663.841 305.679
  15 289.416 686.159 305.454
  16 309.416 701.997 303.886
  17 329.416 649.31 303.44
  18 349.416 700.693 301.84
  19 369.416 700.972 300.541
  20 389.416 649.134 299.151
  21 409.416 701.894 298.584
  22 429.416 694.831 298.573
  23 449.416 655.176 297.264
  24 469.416 701.993 296.531
  25 489.416 675.588 295.208
  26 509.416 674.412 294
  27 529.416 702 291.841
  28 549.416 651.834 291.569
  29 569.416 698.167 289.075
  30 589.416 701.876 284.29
  31 609.416 648.404 284.219
  32 629.416 701.72 288.311
  33 649.416 700.314 291.657
  34 669.416 649.702 293.516
  35 689.416 701.984 293.615
  36 709.416 687.33 294.858
  37 729.416 662.67 295.451
  38 749.416 701.999 296.466
  39 769.416 660.216 296.918
  40 789.416 689.784 298.935
  41 809.416 133.787 299.056
1000000 41
  1 9.41633 677.012 300.638
  2 29.4163 701.998 301.628
  3 49.4163 655.677 302.864
  4 69.4163 694.325 303.168
  5 89.4163 701.943 304.135
  6 109.416 648.479 305.157
  7 129.416 701.579 305.884
  8 149.416 699.38 307.195
  9 169.416 650.626 308.96
  10 189.416 701.994 313.486
  11 209.416 686.152 313.784
  12 229.416 663.848 309.75
  13 249.416 702 307.264
  14 269.416 664.263 306.556
  15 289.416 685.737 305.609
  16 309.416 701.999 304.005
  17 329.416 648.955 302.605
  18 349.416 701.046 301.686
  19 369.416 701.574 299.905
  20 389.416 648.471 298.813
  21 409.416 701.956 297.838
  22 429.416 694.86 297.277
  23 449.416 655.142 296.911
  24 469.416 701.998 295.695
  25 489.416 675.118 293.586
  26 509.416 674.882 292.966
  27 529.416 701.999 292.529
  28 549.416 652.793 290.937
  29 569.416 697.208 288.975
  30 589.416 701.772 284.969
  31 609.416 648.57 284.978
  32 629.416 701.658 289.715
  33 649.416 699.763 291.512
  34 669.416 650.25 292.884
  35 689.416 701.987 294.118
  36 709.416 688.525 295.425
  37 729.416 661.475 296.699
  38 749.416 702 297.959
  39 769.416 658.071 298.655
  40 789.416 691.929 299.542
  41 809.416 132.988 300.127
1500000 41
  1 9.41633 676.679 299.866
  2 29.4163 701.996 300.059
  3 49.4163 654.601 301.45
  4 69.4163 695.402 302.03
  5 89.4163 701.921 303.798
  6 109.416 648.402 305.016
  7 129.416 701.677 306.33
  8 149.416 698.76 307.426
  9 169.416 651.247 309.359
  10 189.416 701.993 314.544
  11 209.416 685.52 314.463
  12 229.416 664.48 309.931
  13 249.416 702 307.831
  14 269.416 664.525 307.367
  15 289.416 685.475 305.697
  16 309.416 701.998 303.921
  17 329.416 648.77 302.994
  18 349.416 701.232 301.58
  19 369.416 701.655 300.53
  20 389.416 648.395 299.764
  21 409.416 701.95 298.71
  22 429.416 696.016 297.167
  23 449.416 653.985 296.8
  24 469.416 701.999 295.974
  25 489.416 676.056 295.103
  26 509.416 673.944 293.425
  27 529.416 701.998 292.805
  28 549.416 653.117 290.768
  29 569.416 696.885 289.338
  30 589.416 701.791 284.906
  31 609.416 648.778 284.95
  32 629.416 701.431 289.083
  33 649.416 699.875 291.194
  34 669.416 650.137 292.864
  35 689.416 701.988 293.897
  36 709.416 687.247 295.466
  37 729.416 662.753 296.666
  38 749.416 702 297.036
  39 769.416 657.47 296.728
  40 789.416 692.53 299.39
  41 809.416 133.321 300.819
2000000 41
  1 9.41633 677.133 298.512
  2 29.4163 702 299.638
  3 49.4163 653.788 300.651
  4 69.4163 696.212 301.53
  5 89.4163 701.973 302.711
  6 109.416 648.221 304.618
  7 129.416 701.806 305.444
  8 149.416 699.204 307.384
  9 169.416 650.802 309.725
  10 189.416 701.994 313.568
  11 209.416 686.369 313.073
  12 229.416 663.631 309.866
  13 249.416 702 308.09
  14 269.416 664.518 305.974
  15 289.416 685.482 304.815
  16 309.416 701.999 304.232
  17 329.416 648.99 302.641
  18 349.416 701.011 301.935
  19 369.416 701.575 300.657
  20 389.416 648.473 300.449
  21 409.416 701.952 299.075
  22 429.416 696.572 298.183
  23 449.416 653.429 297.643
  24 469.416 701.999 297.018
  25 489.416 674.963 295.671
  26 509.416 675.037 295.355
  27 529.416 701.999 293.695
  28 549.416 652.257 292.579
  29 569.416 697.743 290.636
  30 589.416 701.73 286.221
  31 609.416 648.737 285.658
  32 629.416 701.534 289.388
  33 649.416 699.924 291.141
  34 669.416 650.094 292.41
  35 689.416 701.982 294.097
  36 709.416 687.349 294.82
  37 729.416 662.651 295.981
  38 749.416 702 297.01
  39 769.416 657.644 296.767
  40 789.416 692.356 297.938
  41 809.416 132.867 298.692
2500000 41
  1 9.41633 676.337 301.271
  2 29.4163 701.999 301.634
  3 49.4163 653.628 302.041
  4 69.4163 696.372 302.945
  5 89.4163 701.988 303.454
  6 109.416 648.15 305.292
  7 129.416 701.862 305.924
  8 149.416 699.785 307.831
  9 169.416 650.218 310.065
  10 189.416 701.997 315.154
  11 209.416 685.891 315.553
  12 229.416 664.109 310.27
  13 249.416 702 308.267
  14 269.416 664.982 307.041
  15 289.416 685.018 305.536
  16 309.416 701.996 304.49
  17 329.416 649.584 302.644
  18 349.416 700.419 301.406
  19 369.416 701.38 300.54
  20 389.416 648.684 299.258
  21 409.416 701.935 298.04
  22 429.416 696.703 297.542
  23 449.416 653.297 296.896
  24 469.416 702 297.007
  25 489.416 674.938 296.053
  26 509.416 675.062 294.102
  27 529.416 701.999 292.119
  28 549.416 651.392 289.674
  29 569.416 698.609 287.973
  30 589.416 701.774 283.792
  31 609.416 648.763 283.605
  32 629.416 701.464 287.406
  33 649.416 699.532 290.14
  34 669.416 650.492 291.575
  35 689.416 701.976 293.52
  36 709.416 686.421 294.648
  37 729.416 663.579 295.544
  38 749.416 702 296.943
  39 769.416 659.295 298.836
  40 789.416 690.705 300.12
  41 809.416 133.663 301.035
3000000 41
  1 9.41633 676.916 299.469
  2 29.4163 701.998 300.112
  3 49.4163 654.674 301.729
  4 69.4163 695.328 303.254
  5 89.4163 701.962 305.269
  6 109.416 648.181 306.21
  7 129.416 701.857 306.369
  8 149.416 700 308.815
  9 169.416 650.001 311.058
  10 189.416 701.998 314.65
  11 209.416 687.93 315.2
  12 229.416 662.07 310.629
  13 249.416 702 307.707
  14 269.416 665.018 305.725
  15 289.416 684.982 304.422
  16 309.416 701.994 304.33
  17 329.416 649.707 303.062
  18 349.416 700.299 301.38
  19 369.416 701.027 300.896
  20 389.416 649.141 300.015
  21 409.416 701.832 298.909
  22 429.416 695.389 298.57
  23 449.416 654.614 297.489
  24 469.416 701.997 295.405
  25 489.416 675.276 294.389
  26 509.416 674.724 293.499
  27 529.416 702 292.908
  28 549.416 651.078 291.209
  29 569.416 698.923 289.006
  30 589.416 701.908 284.602
  31 609.416 648.387 285.268
  32 629.416 701.704 289.523
  33 649.416 700.325 291.085
  34 669.416 649.684 291.941
  35 689.416 701.991 292.379
  36 709.416 684.983 293.477
  37 729.416 665.017 294.305
  38 749.416 702 296.119
  39 769.416 660.377 297.596
  40 789.416 689.624 298.905
  41 809.416 133.084 299.864
3500000 41
  1 9.41633 676.075 299.329
  2 29.4163 701.999 300.352
  3 49.4163 655.837 301.837
  4 69.4163 694.165 302.965
  5 89.4163 701.934 303.712
  6 109.416 648.51 304.409
  7 129.416 701.556 305.306
  8 149.416 699.145 306.644
  9 169.416 650.861 308.773
  10 189.416 701.994 312.894
  11 209.416 686.926 313.181
  12 229.416 663.074 308.877
  13 249.416 702 307.528
  14 269.416 662.956 306.319
  15 289.416 687.044 305.153
  16 309.416 701.998 303.816
  17 329.416 648.747 303.334
  18 349.416 701.255 302.397
  19 369.416 701.407 301.841
  20 389.416 648.68 301.51
  21 409.416 701.913 299.643
  22 429.416 695.366 298.068
  23 449.416 654.636 296.705
  24 469.416 701.997 296.153
  25 489.416 674.442 295.283
  26 509.416 675.558 294.558
  27 529.416 701.999 293.421
  28 549.416 652.712 291.86
  29 569.416 697.29 289.457
  30 589.416 701.832 286.044
  31 609.416 648.61 285.045
  32 629.416 701.558 289.231
  33 649.416 700.51 291.004
  34 669.416 649.494 292.819
  35 689.416 701.996 293.943
  36 709.416 688.105 294.278
  37 729.416 661.895 295.023
  38 749.416 702 296.787
  39 769.416 658.957 298.045
  40 789.416 691.043 299.365
  41 809.416 133.925 298.386
4000000 41
  1 9.41633 677.524 298.329
  2 29.4163 701.999 300.096
  3 49.4163 654.447 301.013
  4 69.4163 695.554 302.108
  5 89.4163 701.935 302.023
  6 109.416 648.425 304.376
  7 129.416 701.64 306.503
  8 149.416 699.21 309.148
  9 169.416 650.798 310.932
  10 189.416 701.992 314.426
  11 209.416 686.176 313.676
  12 229.416 663.824 310.669
  13 249.416 702 307.921
  14 269.416 663.234 306.557
  15 289.416 686.766 305.534
  16 309.416 702 304.271
  17 329.416 648.633 303.726
  18 349.416 701.368 302.443
  19 369.416 701.625 301.229
  20 389.416 648.439 299.858
  21 409.416 701.937 298.896
  22 429.416 695.964 297.93
  23 449.416 654.038 297.19
  24 469.416 701.998 295.943
  25 489.416 675.349 294.941
  26 509.416 674.651 294.892
  27 529.416 701.999 293.622
  28 549.416 653.011 291.637
  29 569.416 696.99 289.696
  30 589.416 701.757 285.686
  31 609.416 648.74 284.862
  32 629.416 701.504 289.55
  33 649.416 700.558 291.627
  34 669.416 649.45 292.251
  35 689.416 701.992 292.798
  36 709.416 688.634 295.223
  37 729.416 661.366 295.834
  38 749.416 702 296.107
  39 769.416 657.021 296.472
  40 789.416 692.979 297.01
  41 809.416 132.476 297.495
4500000 41
  1 9.41633 676.635 300.205
  2 29.4163 701.999 300.62
  3 49.4163 654.022 300.868
  4 69.4163 695.978 302.603
  5 89.4163 701.961 304.388
  6 109.416 648.302 305.348
  7 129.416 701.737 307.299
  8 149.416 699.377 308.605
  9 169.416 650.628 309.555
  10 189.416 701.994 312.523
  11 209.416 686.442 313.236
  12 229.416 663.559 308.757
  13 249.416 702 306.857
  14 269.416 663.702 305.247
  15 289.416 686.298 304.709
  16 309.416 702 302.723
  17 329.416 648.668 302.047
  18 349.416 701.332 301.265
  19 369.416 701.715 301.039
  20 389.416 648.32 300.268
  21 409.416 701.966 299.399
  22 429.416 696.302 298.623
  23 449.416 653.699 297.502
  24 469.416 701.999 296.322
  25 489.416 675.15 295.684
  26 509.416 674.85 294.598
  27 529.416 701.998 292.875
  28 549.416 652.166 291.491
  29 569.416 697.836 289.191
  30 589.416 701.754 284.803
  31 609.416 648.676 284.918
  32 629.416 701.57 288.897
  33 649.416 700.251 291.061
  34 669.416 649.765 292.648
  35 689.416 701.985 294.116
  36 709.416 688.317 295.171
  37 729.416 661.683 296.483
  38 749.416 702 297.45
  39 769.416 657.677 298.536
  40 789.416 692.323 298.728
  41 809.416 133.365 299.783
5000000 41
  1 9.41633 677.672 299.292
  2 29.4163 701.998 301.508
  3 49.4163 653.281 302.867
  4 69.4163 696.72 303.474
  5 89.4163 701.982 303.629
  6 109.416 648.164 304.144
  7 129.416 701.854 305.584
  8 149.416 699.687 307.183
  9 169.416 650.317 308.766
  10 189.416 701.997 312.39
  11 209.416 685.884 313.332
  12 229.416 664.116 309.748
  13 249.416 702 307.892
  14 269.416 665.4 306.706
  15 289.416 684.6 305.627
  16 309.416 701.998 304.713
  17 329.416 649.349 303.851
  18 349.416 700.654 302.466
  19 369.416 701.521 301.32
  20 389.416 648.551 299.848
  21 409.416 701.928 298.861
  22 429.416 696.76 297.582
  23 449.416 653.241 296.408
  24 469.416 701.999 295.56
  25 489.416 675.784 295.065
  26 509.416 674.216 294.659
  27 529.416 702 293.443
  28 549.416 651.873 291.782
  29 569.416 698.127 290.279
  30 589.416 701.82 285.511
  31 609.416 648.591 283.954
  32 629.416 701.589 288.627
  33 649.416 699.789 290.721
  34 669.416 650.224 292.45
  35 689.416 701.986 293.407
  36 709.416 686.424 294.878
  37 729.416 663.576 296.353
  38 749.416 702 297.065
  39 769.416 658.418 297.535
  40 789.416 691.582 298.568
  41 809.416 132.328 298.259
