# Spatial-averaged data for fix 6b and group all
# Timestep Number-of-bins
# Bin Coord Ncount v_atemp
500000 31
  1 9.42391 674.738 300.761
  2 29.4239 702 301.97
  3 49.4239 649.994 302.88
  4 69.4239 700.006 305.029
  5 89.4239 701.691 306.942
  6 109.424 648.38 308.549
  7 129.424 701.929 309.914
  8 149.424 696.601 314.563
  9 169.424 653.399 310.725
  10 189.424 702 308.399
  11 209.424 665.576 306.131
  12 229.424 684.424 304.49
  13 249.424 701.991 302.809
  14 269.424 649.63 302.418
  15 289.424 700.379 300.936
  16 309.424 701.582 299.168
  17 329.424 648.423 298.821
  18 349.424 701.996 297.87
  19 369.424 689.628 297.336
  20 389.424 660.372 295.708
  21 409.424 702 293.655
  22 429.424 659.193 290.861
  23 449.424 690.807 286.276
  24 469.424 701.997 290.311
  25 489.424 648.232 292.45
  26 509.424 701.771 295.292
  27 529.424 700 296.876
  28 549.424 650.003 296.842
  29 569.424 701.997 297.488
  30 589.424 681.757 299.536
  31 609.424 47.5053 300.611
1000000 31
  1 9.42391 674.863 300.922
  2 29.4239 702 302.494
  3 49.4239 650.601 302.913
  4 69.4239 699.399 304.503
  5 89.4239 701.595 306.029
  6 109.424 648.466 306.761
  7 129.424 701.939 310.131
  8 149.424 695.905 315.257
  9 169.424 654.096 310.671
  10 189.424 702 308.275
  11 209.424 665.78 307.057
  12 229.424 684.22 305.521
  13 249.424 701.993 304.642
  14 269.424 649.308 302.886
  15 289.424 700.699 302.051
  16 309.424 701.607 300.946
  17 329.424 648.404 300.276
  18 349.424 701.989 298.566
  19 369.424 688.881 296.81
  20 389.424 661.119 295.835
  21 409.424 702 292.914
  22 429.424 659.52 290.553
  23 449.424 690.48 285.985
  24 469.424 701.994 289.447
  25 489.424 648.449 291.933
  26 509.424 701.557 294.098
  27 529.424 700.22 295.181
  28 549.424 649.781 296.412
  29 569.424 701.999 297.64
  30 589.424 681.981 298.495
  31 609.424 47.1557 299.542
1500000 31
  1 9.42391 675.13 301.307
  2 29.4239 702 302.432
  3 49.4239 651.227 304.405
  4 69.4239 698.773 305.131
  5 89.4239 701.78 305.978
  6 109.424 648.258 307.625
  7 129.424 701.961 309.719
  8 149.424 696.371 314.341
  9 169.424 653.629 310.475
  10 189.424 702 307.837
  11 209.424 665.908 305.399
  12 229.424 684.092 304.26
  13 249.424 701.995 303.597
  14 269.424 649.161 302.946
  15 289.424 700.844 301.139
  16 309.424 701.481 299.786
  17 329.424 648.54 298.411
  18 349.424 701.979 297.231
  19 369.424 689.234 295.73
  20 389.424 660.766 294.571
  21 409.424 702 293.94
  22 429.424 658.257 291.15
  23 449.424 691.743 286.355
  24 469.424 701.995 291.09
  25 489.424 648.422 293.725
  26 509.424 701.583 295.412
  27 529.424 700.493 296.602
  28 549.424 649.509 297.079
  29 569.424 701.999 298.003
  30 589.424 681.623 299.782
  31 609.424 47.2477 299.785
2000000 31
  1 9.42391 675.964 300.556
  2 29.4239 701.999 302.664
  3 49.4239 650.861 303.997
  4 69.4239 699.139 304.62
  5 89.4239 701.777 306.562
  6 109.424 648.247 308.218
  7 129.424 701.976 310.331
  8 149.424 695.961 314.16
  9 169.424 654.039 310.112
  10 189.424 702 307.51
  11 209.424 666.702 306.007
  12 229.424 683.298 304.541
  13 249.424 701.998 303.513
  14 269.424 649.063 301.841
  15 289.424 700.939 300.458
  16 309.424 701.482 299.299
  17 329.424 648.542 298.02
  18 349.424 701.976 296.934
  19 369.424 690.396 296.185
  20 389.424 659.604 294.588
  21 409.424 702 292.744
  22 429.424 657.711 290.703
  23 449.424 692.289 286.8
  24 469.424 701.992 290.67
  25 489.424 648.381 294.285
  26 509.424 701.627 296.484
  27 529.424 700.864 297.868
  28 549.424 649.137 298.27
  29 569.424 701.999 298.637
  30 589.424 680.821 298.942
  31 609.424 47.2142 299.45
2500000 31
  1 9.42391 676.562 299.879
  2 29.4239 702 301.008
  3 49.4239 651.317 302.486
  4 69.4239 698.683 303.507
  5 89.4239 701.81 305.873
  6 109.424 648.219 307.774
  7 129.424 701.971 310.525
  8 149.424 695.056 314.941
  9 169.424 654.944 311.069
  10 189.424 702 309.252
  11 209.424 667.192 307.073
  12 229.424 682.808 305.866
  13 249.424 701.999 304.387
  14 269.424 648.896 303.226
  15 289.424 701.105 302.527
  16 309.424 701.467 300.889
  17 329.424 648.559 299.596
  18 349.424 701.974 298.315
  19 369.424 690.347 296.41
  20 389.424 659.653 295.049
  21 409.424 702 293.527
  22 429.424 657.837 290.271
  23 449.424 692.163 285.532
  24 469.424 701.974 289.593
  25 489.424 648.51 292.657
  26 509.424 701.516 293.923
  27 529.424 700.953 295.834
  28 549.424 649.047 296.886
  29 569.424 701.999 298.447
  30 589.424 680.333 299.19
  31 609.424 47.1044 299.08
3000000 31
  1 9.42391 676.72 301.341
  2 29.4239 701.999 302.299
  3 49.4239 651.226 303.35
  4 69.4239 698.775 305.459
  5 89.4239 701.876 306.208
  6 109.424 648.145 307.586
  7 129.424 701.978 310.94
  8 149.424 695.392 315.066
  9 169.424 654.608 310.744
  10 189.424 702 308.018
  11 209.424 667.106 306.008
  12 229.424 682.894 305.422
  13 249.424 702 304.005
  14 269.424 648.653 302.033
  15 289.424 701.347 300.751
  16 309.424 701.457 298.977
  17 329.424 648.569 297.88
  18 349.424 701.975 296.404
  19 369.424 690.901 295.695
  20 389.424 659.099 294.345
  21 409.424 702 293.522
  22 429.424 657.209 291.538
  23 449.424 692.791 286.345
  24 469.424 701.984 290.539
  25 489.424 648.453 293.912
  26 509.424 701.563 295.458
  27 529.424 701.281 296.816
  28 549.424 648.719 296.822
  29 569.424 702 298.182
  30 589.424 680.317 299.599
  31 609.424 46.963 301.053
3500000 31
  1 9.42391 677.225 300.548
  2 29.4239 702 302.044
  3 49.4239 651.001 302.571
  4 69.4239 698.999 303.465
  5 89.4239 701.906 306.546
  6 109.424 648.118 307.761
  7 129.424 701.976 310.468
  8 149.424 694.764 315.041
  9 169.424 655.236 311.637
  10 189.424 702 308.235
  11 209.424 667.615 305.63
  12 229.424 682.385 305.033
  13 249.424 702 303.374
  14 269.424 648.78 302.054
  15 289.424 701.22 302.246
  16 309.424 701.462 301.032
  17 329.424 648.563 300.074
  18 349.424 701.975 298.18
  19 369.424 691.554 296.647
  20 389.424 658.446 295.353
  21 409.424 702 293.816
  22 429.424 657.668 290.428
  23 449.424 692.332 286.245
  24 469.424 701.977 290.796
  25 489.424 648.489 293.403
  26 509.424 701.535 294.192
  27 529.424 701.186 295.738
  28 549.424 648.814 296.38
  29 569.424 702 297.97
  30 589.424 679.75 298.556
  31 609.424 47.0248 299.476
4000000 31
  1 9.42391 677.529 301.738
  2 29.4239 701.999 302.131
  3 49.4239 651.416 303.86
  4 69.4239 698.585 304.481
  5 89.4239 701.908 307.184
  6 109.424 648.11 308.394
  7 129.424 701.982 310.564
  8 149.424 694.788 315.18
  9 169.424 655.212 310.872
  10 189.424 702 307.477
  11 209.424 667.656 306.183
  12 229.424 682.344 304.106
  13 249.424 702 302.634
  14 269.424 648.738 301.364
  15 289.424 701.263 300.432
  16 309.424 701.264 299.938
  17 329.424 648.76 298.92
  18 349.424 701.976 297.364
  19 369.424 691.287 294.651
  20 389.424 658.713 293.972
  21 409.424 702 292.425
  22 429.424 657.252 290.045
  23 449.424 692.748 286.575
  24 469.424 701.978 290.445
  25 489.424 648.466 293.617
  26 509.424 701.557 295.984
  27 529.424 701.269 296.842
  28 549.424 648.731 298.358
  29 569.424 702 298.524
  30 589.424 679.463 301.185
  31 609.424 47.0082 301.848
4500000 31
  1 9.42391 677.561 300.345
  2 29.4239 701.999 301.955
  3 49.4239 651.519 302.975
  4 69.4239 698.482 304.04
  5 89.4239 701.91 304.954
  6 109.424 648.115 307.019
  7 129.424 701.975 309.988
  8 149.424 694.882 315.031
  9 169.424 655.118 311.119
  10 189.424 702 307.833
  11 209.424 667.825 306.12
  12 229.424 682.175 304.892
  13 249.424 702 303.795
  14 269.424 648.599 302.854
  15 289.424 701.401 301.635
  16 309.424 701.357 300.21
  17 329.424 648.662 298.304
  18 349.424 701.981 297.543
  19 369.424 691.065 296.729
  20 389.424 658.935 294.969
  21 409.424 702 293.983
  22 429.424 657.186 291.617
  23 449.424 692.814 287.688
  24 469.424 701.971 291.165
  25 489.424 648.504 293.485
  26 509.424 701.525 295.002
  27 529.424 701.091 296.375
  28 549.424 648.909 297.196
  29 569.424 702 297.715
  30 589.424 679.841 299.198
  31 609.424 46.5981 299.92
5000000 31
  1 9.42391 677.041 301.279
  2 29.4239 701.998 301.968
  3 49.4239 651.038 303.494
  4 69.4239 698.963 304.649
  5 89.4239 701.894 305.736
  6 109.424 648.136 307.507
  7 129.424 701.971 310.458
  8 149.424 695.702 314.653
  9 169.424 654.298 310.515
  10 189.424 702 307.459
  11 209.424 667.07 305.445
  12 229.424 682.93 304.465
  13 249.424 701.999 302.726
  14 269.424 648.662 302.184
  15 289.424 701.339 301.419
  16 309.424 701.486 300.516
  17 329.424 648.521 298.974
  18 349.424 701.994 297.606
  19 369.424 690.757 296.91
  20 389.424 659.243 294.937
  21 409.424 702 292.9
  22 429.424 657.331 291.477
  23 449.424 692.669 287.005
  24 469.424 701.98 291.14
  25 489.424 648.439 293.356
  26 509.424 701.581 294.334
  27 529.424 700.916 295.841
  28 549.424 649.085 297.063
  29 569.424 701.999 299.188
  30 589.424 680.839 300.66
  31 609.424 46.1196 300.093
